---Ergebnisdatei---

--Kraft [N]--	--u_y Pilot [m]--%	 u_y Mitte [m]

    -4391.30202       -0.00004       -0.00005
    -8782.32804       -0.00007       -0.00010
   -15368.34968       -0.00012       -0.00017
   -25246.21833       -0.00020       -0.00027
   -38613.52609       -0.00032       -0.00044
   -46007.46145       -0.00041       -0.00056
   -48846.00033       -0.00045       -0.00062
   -51133.66671       -0.00050       -0.00069
   -52539.69975       -0.00053       -0.00073
   -53850.91682       -0.00056       -0.00077
   -55826.76233       -0.00060       -0.00083
   -58666.82721       -0.00067       -0.00093
   -62789.38176       -0.00077       -0.00107
   -64202.78996       -0.00081       -0.00113
   -65587.84898       -0.00085       -0.00118
   -67686.87022       -0.00090       -0.00126
   -70785.70737       -0.00099       -0.00138
   -72959.96293       -0.00105       -0.00147
   -75065.25234       -0.00111       -0.00156
   -78141.14901       -0.00121       -0.00170
   -80370.40566       -0.00128       -0.00180
   -82550.78256       -0.00135       -0.00190
   -83281.77077       -0.00138       -0.00193
   -83975.43398       -0.00140       -0.00197
   -85045.59019       -0.00144       -0.00202
   -86626.48071       -0.00149       -0.00209
   -89021.43531       -0.00158       -0.00221
   -90577.89446       -0.00163       -0.00228
   -92154.64388       -0.00169       -0.00236
   -93307.92278       -0.00173       -0.00242
   -94460.00980       -0.00177       -0.00247
   -95283.38178       -0.00180       -0.00252
   -96095.13224       -0.00183       -0.00256
   -97362.84018       -0.00188       -0.00262
   -99425.94949       -0.00195       -0.00272
  -101124.34686       -0.00200       -0.00280
  -101785.60525       -0.00203       -0.00283
  -101871.91368       -0.00204       -0.00285
  -102185.65854       -0.00205       -0.00287
  -102718.76054       -0.00207       -0.00289
  -103500.75084       -0.00210       -0.00293
  -104663.28997       -0.00215       -0.00300
  -106651.13118       -0.00221       -0.00309
  -108014.34426       -0.00226       -0.00316
  -108581.66044       -0.00229       -0.00319
  -109164.91486       -0.00231       -0.00323
  -110395.80853       -0.00235       -0.00328
  -111921.47534       -0.00240       -0.00336
  -112913.49450       -0.00243       -0.00340
  -113303.67228       -0.00245       -0.00342
  -113438.17279       -0.00245       -0.00343
  -113180.21908       -0.00246       -0.00344
  -113633.10409       -0.00247       -0.00345
  -113978.30922       -0.00249       -0.00347
  -114670.13815       -0.00251       -0.00350
  -115566.90800       -0.00255       -0.00355
  -117197.79672       -0.00260       -0.00363
  -118322.12034       -0.00264       -0.00368
  -119579.52413       -0.00268       -0.00374
  -119912.53475       -0.00269       -0.00376
  -120721.60845       -0.00271       -0.00378
  -120859.83760       -0.00272       -0.00380
  -121473.70882       -0.00275       -0.00383
  -122244.91315       -0.00278       -0.00388
  -123137.88650       -0.00281       -0.00393
  -123939.02421       -0.00284       -0.00396
  -124771.41513       -0.00285       -0.00398
  -124060.15009       -0.00286       -0.00400
  -124740.22756       -0.00288       -0.00402
  -125887.10116       -0.00291       -0.00406
  -127011.17867       -0.00295       -0.00412
  -127386.26979       -0.00298       -0.00415
  -128146.08607       -0.00300       -0.00418
  -128950.77864       -0.00303       -0.00423
  -130239.64636       -0.00308       -0.00429
  -130953.83016       -0.00310       -0.00433
  -131756.46667       -0.00312       -0.00436
  -132400.12977       -0.00315       -0.00439
  -132710.40205       -0.00316       -0.00441
  -133112.72413       -0.00317       -0.00442
  -133256.69747       -0.00318       -0.00444
  -133730.99505       -0.00320       -0.00447
  -134525.73480       -0.00323       -0.00451
  -135624.02588       -0.00328       -0.00457
  -136769.75134       -0.00331       -0.00462
  -137603.90490       -0.00334       -0.00467
  -138575.81479       -0.00337       -0.00470
  -138999.94958       -0.00338       -0.00472
  -138922.43978       -0.00339       -0.00474
  -139957.65507       -0.00341       -0.00476
  -140371.67071       -0.00342       -0.00478
  -139910.97992       -0.00343       -0.00479
  -139692.13271       -0.00345       -0.00481
  -140435.86345       -0.00346       -0.00483
  -141169.22332       -0.00348       -0.00486
  -142119.22296       -0.00352       -0.00491
  -143548.83665       -0.00356       -0.00498
  -144981.97489       -0.00360       -0.00503
  -145864.41262       -0.00364       -0.00508
  -147271.52042       -0.00369       -0.00515
  -148505.16565       -0.00373       -0.00521
  -149636.21588       -0.00377       -0.00527
  -151364.50121       -0.00384       -0.00535
  -152769.92323       -0.00388       -0.00542
  -153916.94424       -0.00393       -0.00548
  -156020.96960       -0.00400       -0.00558
  -156872.92408       -0.00403       -0.00563
  -157890.50417       -0.00407       -0.00567
  -159340.84357       -0.00412       -0.00575
  -160416.87707       -0.00416       -0.00580
  -161297.15268       -0.00420       -0.00586
  -162932.21056       -0.00425       -0.00594
  -164144.57603       -0.00430       -0.00600
  -165344.90197       -0.00434       -0.00606
  -167335.98206       -0.00441       -0.00615
  -168791.44644       -0.00446       -0.00622
  -170119.17217       -0.00450       -0.00629
  -171008.64069       -0.00454       -0.00634
  -172213.67613       -0.00458       -0.00640
  -173599.91857       -0.00463       -0.00647
  -174681.86858       -0.00468       -0.00653
  -175777.25731       -0.00472       -0.00659
  -176910.93205       -0.00476       -0.00665
  -176816.02203       -0.00477       -0.00665
  -176872.35183       -0.00477       -0.00666
  -177190.77624       -0.00479       -0.00668
  -177696.69717       -0.00480       -0.00670
  -178423.12021       -0.00483       -0.00674
  -179492.69536       -0.00487       -0.00680
  -181071.93063       -0.00493       -0.00688
  -183667.61058       -0.00502       -0.00700
  -185633.72782       -0.00508       -0.00709
  -187538.29428       -0.00515       -0.00719
  -187304.09543       -0.00516       -0.00720
  -187378.14098       -0.00517       -0.00722
  -187911.23193       -0.00519       -0.00724
  -188604.98660       -0.00521       -0.00727
  -189646.48929       -0.00525       -0.00732
  -191157.88868       -0.00531       -0.00740
  -193578.39578       -0.00539       -0.00752
  -194110.60143       -0.00543       -0.00757
  -195090.64145       -0.00546       -0.00761
  -196159.54322       -0.00551       -0.00767
  -198434.28730       -0.00558       -0.00777
  -199946.02876       -0.00563       -0.00785
  -201325.02824       -0.00569       -0.00792
  -203457.86808       -0.00577       -0.00803
  -205150.54357       -0.00583       -0.00812
  -206718.48675       -0.00589       -0.00820
  -209067.38094       -0.00598       -0.00832
  -210184.97101       -0.00601       -0.00837
  -209821.45172       -0.00603       -0.00838
  -210429.49970       -0.00604       -0.00841
  -210975.21697       -0.00606       -0.00844
  -211808.15807       -0.00610       -0.00849
  -213143.46919       -0.00615       -0.00856
  -215106.24328       -0.00623       -0.00866
  -216590.07167       -0.00629       -0.00874
  -217936.24972       -0.00634       -0.00882
  -220079.64026       -0.00643       -0.00894
  -221724.88414       -0.00650       -0.00903
  -223163.62252       -0.00656       -0.00912
  -225875.47723       -0.00666       -0.00925
  -226376.74499       -0.00670       -0.00930
  -227388.08827       -0.00674       -0.00935
  -228798.69877       -0.00679       -0.00943
  -230966.65152       -0.00687       -0.00954
  -233062.53202       -0.00696       -0.00965
  -234312.12414       -0.00700       -0.00971
