---Ergebnisdatei---

--Kraft [N]--	--u_y Pilot [m]--%	 u_y Mitte [m]

    -4391.30202       -0.00004       -0.00005
    -8782.32803       -0.00007       -0.00010
   -15368.34967       -0.00012       -0.00017
   -25246.21831       -0.00020       -0.00027
   -38093.99104       -0.00032       -0.00044
   -49560.90246       -0.00050       -0.00070
   -60580.99989       -0.00076       -0.00110
   -69831.14913       -0.00104       -0.00153
   -78558.36958       -0.00132       -0.00195
   -87128.64170       -0.00160       -0.00237
   -95718.67363       -0.00188       -0.00279
  -104420.05607       -0.00216       -0.00320
  -113158.70515       -0.00244       -0.00362
  -121961.19501       -0.00272       -0.00403
  -130787.61208       -0.00300       -0.00444
  -139572.71291       -0.00328       -0.00486
  -148325.53787       -0.00356       -0.00527
  -157037.78941       -0.00384       -0.00568
  -165685.67721       -0.00412       -0.00610
  -174256.91570       -0.00440       -0.00651
  -182747.66533       -0.00468       -0.00693
  -191139.47126       -0.00496       -0.00734
  -199429.75359       -0.00524       -0.00776
  -207599.43037       -0.00552       -0.00817
  -215627.59298       -0.00580       -0.00859
  -223487.02393       -0.00608       -0.00900
  -231152.70667       -0.00636       -0.00941
  -232083.74962       -0.00640       -0.00947
  -232851.97529       -0.00643       -0.00952
  -233099.68775       -0.00644       -0.00953
  -232855.86689       -0.00644       -0.00955
  -232854.77749       -0.00645       -0.00957
  -232859.68750       -0.00646       -0.00959
  -232863.59973       -0.00647       -0.00962
  -232870.20987       -0.00649       -0.00967
  -232879.12134       -0.00653       -0.00974
  -232879.48949       -0.00657       -0.00986
  -233256.51730       -0.00658       -0.00987
  -232864.45495       -0.00659       -0.00990
  -232853.83686       -0.00660       -0.00992
  -232845.33914       -0.00661       -0.00995
  -232829.70237       -0.00663       -0.01000
  -232805.71641       -0.00666       -0.01008
  -232797.85436       -0.00668       -0.01012
  -232795.30240       -0.00669       -0.01016
  -232789.01960       -0.00672       -0.01022
  -232784.13849       -0.00675       -0.01030
  -232786.22038       -0.00681       -0.01043
  -232785.45042       -0.00683       -0.01050
  -232785.61606       -0.00686       -0.01057
  -232786.36353       -0.00690       -0.01067
  -232778.16349       -0.00692       -0.01073
  -232796.00225       -0.00695       -0.01077
  -232807.57634       -0.00698       -0.01084
  -232805.55089       -0.00700       -0.01088
